Thermal Conductivity [W/(m·K)] for CO2/N2 (95%/5%)

+-----+---------+---------+---------+-----------+---------+---------+---------+---------+---------+---------+---------+
|     |       1 |       5 |      10 |        20 |      40 |      60 |      80 |     100 |     120 |     150 |     200 |
+=====+=========+=========+=========+===========+=========+=========+=========+=========+=========+=========+=========+
| -30 | 0.0129  | 0.01319 | 0.01367 | 116.905   | 0.1028  | 0.13821 | 0.14047 | 0.14262 | 0.14469 | 0.14767 | 0.15232 |
+-----+---------+---------+---------+-----------+---------+---------+---------+---------+---------+---------+---------+
| -10 | 0.01435 | 0.01461 | 0.01501 |   0.0162  | 0.0449  | 0.11358 | 0.11675 | 0.11964 | 0.12232 | 0.12605 | 0.13166 |
+-----+---------+---------+---------+-----------+---------+---------+---------+---------+---------+---------+---------+
|   0 | 0.01509 | 0.01534 | 0.01571 |   0.01674 | 0.02353 | 0.09716 | 0.1045  | 0.10805 | 0.11123 | 0.11551 | 0.12177 |
+-----+---------+---------+---------+-----------+---------+---------+---------+---------+---------+---------+---------+
|  10 | 0.01584 | 0.01608 | 0.01643 |   0.01735 | 0.0212  | 0.0489  | 0.09145 | 0.09615 | 0.10009 | 0.10514 | 0.11219 |
+-----+---------+---------+---------+-----------+---------+---------+---------+---------+---------+---------+---------+
|  20 | 0.0166  | 0.01683 | 0.01716 |   0.018   | 0.02097 | 0.03129 | 0.07703 | 0.08357 | 0.08874 | 0.0949  | 0.10295 |
+-----+---------+---------+---------+-----------+---------+---------+---------+---------+---------+---------+---------+
|  30 | 0.01736 | 0.01759 | 0.01791 |   0.01868 | 0.02114 | 0.02683 | 0.05234 | 0.0706  | 0.07712 | 0.08478 | 0.09409 |
+-----+---------+---------+---------+-----------+---------+---------+---------+---------+---------+---------+---------+
|  40 | 0.01814 | 0.01836 | 0.01866 |   0.01938 | 0.0215  | 0.02552 | 0.03501 | 0.05625 | 0.0658  | 0.07496 | 0.08566 |
+-----+---------+---------+---------+-----------+---------+---------+---------+---------+---------+---------+---------+
|  50 | 0.01892 | 0.01913 | 0.01942 |   0.0201  | 0.02198 | 0.02512 | 0.0309  | 0.04214 | 0.05506 | 0.06584 | 0.07781 |
+-----+---------+---------+---------+-----------+---------+---------+---------+---------+---------+---------+---------+
|  75 | 0.02089 | 0.02108 | 0.02135 |   0.02195 | 0.02345 | 0.02554 | 0.02848 | 0.03281 | 0.03865 | 0.04849 | 0.06164 |
+-----+---------+---------+---------+-----------+---------+---------+---------+---------+---------+---------+---------+
| 100 | 0.02288 | 0.02307 | 0.02332 |   0.02385 | 0.02513 | 0.02674 | 0.02874 | 0.03136 | 0.03463 | 0.04061 | 0.05128 |
+-----+---------+---------+---------+-----------+---------+---------+---------+---------+---------+---------+---------+